1630937139255 8.681123733520508 0
1630937169826 3.410186290740967 0
1630937199397 3.4915847778320312 0
1630937229133 3.0645124912261963 0
1630937258660 2.7267518043518066 0
1630937289009 2.7404611110687256 0
1630937319510 2.4386532306671143 0
1630937351507 2.4102823734283447 0
1630937383530 2.210808277130127 0
1630937414264 2.140035629272461 0
1630937444864 2.0989885330200195 0
1630937477115 1.9199161529541016 0
1630937508532 1.7293199300765991 0
1630937540075 1.6071876287460327 0
1630937571845 1.5248407125473022 0
